1: 11 10 10 13 13 12 15 14 14 17 16 18 1 1 0 3 2 5 4 7 6 9 8
2: 42 24 25 26 27 20 21 21 22 23 28 29 40 40 41 39 38 38 19 32 32 31 31 30 37 37 36 35 35 34 34 33 33
3: 49 48 23 46 47 44 45 51 43 53 50 4 54 52
4: 55
5: 59 58 19 57 56 60 61 62 8
6: 20 71 19 57 70 43 63 64 65 66 67 68 69
7: 65 48 46 3 77 76 75 74 73 72 82 83 80 81 79 78
8: 92 21 1 88 89 91 90 93 85 86 87 87 84 14
9: 111 110 87 48 46 95 94 97 7 96 99 98 108 109 102 103 100 101 106 107 104 105
10: 112 96
11: 115 114 3 116 113
12: 117 119 21 118
13: 122 122 121 46 46 46 23 43 120 76 76 76 76 3 3 123 124 125 126 127 128 129
14: 130 132 131 92 133
15: 112 60 62 137 136 135 134 139 138 87 46 3 4 8 142 140 141 76 128 59 14 19 19 57 56
16: 146 147 144 145 21 21 40 33 32 31 30 37 35 34 60 38 148 143
17: 151 150 152 19 149 46 106
18: 153 155 154 157 156 159 158 21 40 40 3 3 149 164 165 160 161 162 163 38 38 33 33 32 32 31 31 37 37 35 35 34 34
19: 174 14 48 19 19 175 21 172 82 168 168 169 169 169 128 128 176 166 167 167 173 80 171 170
20: 177 13
21: 92 178
22: 155 191 190 192 179 40 40 182 183 180 181 186 186 187 184 185 185 8 188 189 7 7 39 38 38 33 33 32 32 31 37 37 36 35 35 34
23: 195 194 193 8
24: 200 145 199 198 40 46 32 197 196 37 35 34 33 38 4 31
25: 201 203 202 205 204 207 23 23 46 208 57 206 21 76 76 76 117 209 210 128 198
26: 212 211
27: 216 217 214 215 213 111
28: 150 20 21 132 159 159 16 218 219 0 137 67 223 222 221 220
29: 228 76 76 3 67 227 226 225 224
30: 13 21 231 229 230 87 14
31: 10 237 128 76 46 240 242 98 3 238 239 241 234 235 236 233 87 232 96 96
32: 150 59 61 46 245 244 3 243 236 92
33: 46 46 247 3 246 126 8 8 248 78
34: 250 249
35: 170 21 48 19 106 258 257 1 3 254 252 253 251 256 87 84 255
36: 150 38 21 33 32 260 37 261 35 34 263 262 3 259 73 40 264 128 31 96
37: 268 76 271 270 61 272 130 267 266 265 264 269 101
38: 76 273 274 275 264
39: 10 76 280 48 132 19 285 277 61 284 281 123 123 276 67 278 279 100 100 282 230 283 252 252
40: 195 117 0 3 46 67 286
41: 13 21 43 289 288 175 287
42: 167 48 48 19 299 300 61 61 3 46 4 298 297 278 296 294 295 292 293 290 290 291 291
43: 301 302 303
44: 48 22 19 304 305 77 76 180 92 255
45: 318 313 312 311 310 317 316 316 315 314 190 130 82 257 84 21 21 46 180 40 183 3 3 3 186 186 184 8 188 189 308 309 191 306 307 307 122 38 14 33 32 37 35
46: 319 76 159 46 320 321 67 283
47: 14 322 323 326 324 325
48: 155 338 335 334 337 336 331 330 333 332 21 40 327 328 329 76 73 38 98 19 32 31 37 35 34 33
49: 339 195 139 87 159 21 23 46 3 231 344 345 346 347 340 341 342 343 5 348 4 260 73 243 180 180
50: 90 59 349
51: 152 191 190 61 82 82 48 183 46 40 345 186 4 184 8 188 189 123 128 38 15 33 32 37 35 357 356 356 355 354 353 352 351 350
52: 155 53 87 23 43 40 40 257 3 4 366 367 364 365 362 363 360 361 9 128 38 38 59 76 33 33 32 32 31 31 37 37 35 35 34 34 19 359 358
53: 19 368
54: 76 372 21 370 128 371 7 369 91 90 92
55: 243 8 21 21 48 23 381 380 289 76 382 63 65 113 378 379 373 376 375 374 377 4
56: 383
57: 159 132 384 385 386 6 96
58: 388 389 387
59: 10 21 304 382 393 392 391 390 4 243 394 176
60: 60 131 397 396 395 399 398 0 46 46 405 406 3 3 3 404 403 402 401 400 106 78 15 14 19
61: 38 339 48 33 32 31 37 35 34 407 61 40 7 164 165 106 87 87 408
62: 13 152 59 345 98 23 406 61 3 73 84 412 8 410 92 253 87 87 409 411
63: 155 21 21 40 40 1 1 345 345 3 421 8 423 422 425 424 426 420 96 38 38 14 33 33 32 32 31 31 37 37 35 35 34 34 414 415 416 417 413 413 418 419
64: 428 3 21 427 307
65: 429 432 430 431
66: 329 433 49
67: 334 73 243 436 437 434 434 435
68: 443 442 441 440 444 4 438 242 439
69: 130 8 92 7 19
70: 19 340 96
71: 10 76 448 21 132 19 197 447 446 445 288 128 128 8 175 285 172
72: 216 449 213 77 73 7 8
73: 216 216 10 26 450 99 340 8
74: 451 285
75: 243 452 453 1 3 7 138 87
76: 458 459 454 455 456 457 111 353 342 82 137
77: 155 53 82 43 43 40 7 8 469 468 465 464 467 466 461 460 463 462 76 382 38 33 32 31 37 35 34 19
78: 13 77 470 471 177 399
79: 61 65 21 23 482 0 8 8 8 202 384 70 91 100 483 248 481 480 472 473 476 477 474 475 73 478 479
80: 20 213 48 19 130 76 3 321 275 92 4
81: 10 154
82: 15 15 21 48 48 16 46 334 76 3 130 340 489 488 487 486 485 484 490 96 96
83: 491
84: 10 495 495 21 23 46 46 414 76 76 96 384 4 243 70 494 296 496 233 292 292 492 493
85: 288 391 498 499 497 287
86: 500 501
87: 14 211 109 137 502 97
88: 144 505 15 21 48 76 46 509 414 132 508 507 506 176 504 497 503
89: 257 19 514 46 168 511 510 513 512 515 87
90: 20 14 334 67 523 15 519 518 3 3 130 520 521 522 185 128 158 257 517 516
91: 449
92: 524 525 96
93: 20 48 159 62 62 530 3 59 526 527 384 531 6 128 340 168 92 528 529 96
94: 19
95: 77 13
96: 155 334 117 274 67 278 138 540 40 40 3 541 8 76 96 10 38 38 15 33 33 32 32 31 31 37 37 35 35 34 34 537 536 535 534 533 532 539 539 538
97: 99 216 19
98: 216 76 159 343 542 345 6 299
99: 459 81 154 288 159 159 545 21 315 414 543 546 544 6 6 8 497 96 96
100: 19 3 7 475
101: 10 15 16 391 547 8 9 253 548 549
102: 555 554 557 556 551 550 553 552 279 46 3 7 6 427 76 73 264 78 14 19 19 19 57 296 296
103: 564 147 38 38 559 558 40 40 33 33 32 32 31 563 37 37 565 35 35 34 60 183 148 560 561 562
104: 568 569 20 21 571 570 566 567 4 4 84 96
105: 579 578 155 573 572 577 576 575 574 46 40 4 142 580 581 168 38 15 33 32 31 37 35 34
106: 150 584 152 582 583 19 585 532 59 139
107: 586 587 592 21 21 23 590 591 588 589 82 274 113 296 481
108: 593 142 594 48 596 599 598 76 30 75 15 345 3 340 4 4 600 595 601 597 21 21
109: 10 603 602 112 76 76 130 264 516 347 96
110: 605 604 48 46 524 258 289 3 3 8 255
111: 607 606 21 14 19 610 611 609 608 315 60 543 3 3 73 401 67 154 8 8 96
112: 152 15 21 612 19 19 613 59 0 122 46 279
113: 590 213 19 3 614 615 88 73 9 96
114: 196 448
115: 319 619 15 15 126 621 46 46 616 617 618 76 620 340 340 4 4 4 7 264 264 128 8 313 283 84
116: 622 243
117: 623 627 626 625 624 554 628 76 3 73
118: 630 631 38 183 33 32 629 629 310 37 190 35 380 380 98 191 40 184 82 188 189 87 539
119: 632 633 634 635 46 76
120: 155 61 238 42 40 40 41 183 636 637 560 301 562 303 564 76 73 90 638 38 38 33 33 32 32 31 37 37 35 35 34 298
121: 38 57 640 560 639 562 413 564 35 641 183 345 642 476 37 32 40 33
122: 643 645 644 4
123: 153 595 88 80 84 26 21 48 407 654 655 652 4 650 651 8 653 245 10 10 14 473 647 646 649 648 376
124: 20 76 23 330 656 657 254 511 659 658 96
125: 216 139 152 601 19 664 663 662 661 660 76 382 168 113 67 20 93 93 87 84
126: 296 666 665 23
127: 19 368
128: 5 20 669 668 667 670 671 672 673 61 168 4 6 128 176 518 481 493
129: 155 195 334 61 391 231 180 40 40 183 3 3 340 340 9 422 562 678 679 674 675 676 677 564 462 421 128 96 38 38 33 33 32 32 31 37 37 35 35 34 560 681 680
130: 601 159 23 46 46 46 43 195 78 285 304 76 76 168 684 96 11 59 19 19 688 685 297 687 686 73 683 682
131: 692 690 691 46 76 3 347 689 7 8 9 73
132: 150 693 13 13 59 21 694 695 312 312 119 6 391 99 3 63 18 696 245 84
133: 697 46 698 699 700 307 3
134: 10 618 19 312 701 702 98 3 527 299
135: 19 20 4 703
136: 590 155 709 211 704 705 706 707 89 708 48 43 40 345 180 342 342 8 716 715 714 713 712 711 710 384 38 33 32 31 37 35 34 130 351
137: 13 719 718 717 241 343
138: 449 14 211 19 19 23 16 176 722 518 3 3 137 723 720 721 8 483 724 70 213 213
139: 55
140: 590 195 84 48 46 40 183 3 340 401 309 560 562 564 76 38 33 32 37 35 726 727 725 728 729
141: 15 19 731 730 73 65 67 67 8 139
142: 38 155 19 32 31 37 35 34 33 733 732 40 7 343 9 15 15 230 734
143: 67 214 214 258 438 48 23 158 571 264 88 3 655 735 325 737 736 736 736 739 738 175 340 21
144: 740 741 742 152 744 745 23 159 6 743 130 353 532 343 146 73 168 74 96
145: 92 73 21 746
146: 407 344 510 19 747
147: 753 752 751 750 750 23 23 748 749 670 60 296 296 3 5 4 67 278 278 479 349 96 96
148: 542 756 755 76 754 414 345
149: 757 21 759 758 3 340 384
150: 679 48 762 760 761 3 516 96
151: 763 764 682
152: 753 150 150 768 543 46 766 767 765 288 3 168 241 70 69 13
153: 146 80 769
154: 774 771 770 773 772 60 8 283
155: 607 333 46 40 183 3 775 777 776 560 779 562 564 778 76 78 38 59 17 19 32 37 35 33
156: 784 10 780 781 782 783 440 264 90 283 481
157: 19 785 197 304 368
158: 459 786 787 46 788 3 789 117 750 168 278
159: 742 132 82 82 69 87 793 21 21 48 790 46 1 3 503 610 384 106 481 792 791 19 23 424 642 352
160: 146 795 794 601 23 19 43 488 15 349
161: 797 796
162: 10 19 798 75 130 296 139
163: 77
164: 212 211 799 132 802 801 800 96
165: 214 152 601 554 131 113 80 493 792 48 46 730 4 9 73 791 808 351 803 807 806 805 804
166: 784 458 215 217 60 76 809 63 168 523 810 811 435 349 84
167: 19 19 46 368 8 812 813 87
168: 98 19 115 195 46 279 167 814
169: 748 8 815 816 817
170: 150 819 19 765 818 76 821 820
171: 155 159 168 46 46 40 3 4 8 8 384 488 38 33 32 31 37 35 34 829 828 825 824 824 827 826 826 73 823 822
172: 216 459 830 152 14 11 832 130 831 113 67 128 8 283 85
173: 833 21 834 835 23 438
174: 152 836 21 23 838 839 229 14 87 837
175: 217 606 841 840 46 46 334 355 159 3 130 241 4 822
176: 847 846 845 844 843 842 46 46 46 32 31 37 35 34 19 19 19 38 40 283 283 283 283 848 33 770 770 770 770
177: 854 347 856 850 851 852 853 19 855 849 393 76 123 341 8 59 139 655 80 233
178: 857
179: 858
180: 861 860 863 862 859 19 3 111 6 159 78
181: 150 111 865 864 315
182: 869 868 155 48 76 76 610 23 872 767 867 866 98 3 130 870 871 278 15 139 307
183: 128 874 875 13 873
184: 883 882 881 881 881 881 880 155 885 884 761 191 191 190 190 137 170 878 879 876 877 40 40 40 183 183 186 186 186 186 184 184 8 188 188 189 189 679 384 38 38 38 33 33 33 32 32 32 31 37 37 37 35 35 35 34 19 73 435
185: 459 459 459 448 448 887 887 887 887 887 886 19 888 60 15 21
186: 20 16 19 889 111 15 139 93
187: 153 313 191 316 316 393 88 89 365 113 87 40 183 180 186 186 184 188 189 890 891 190 73 38 33 32 37 35
188: 191 316 316 138 48 40 183 180 180 186 186 184 188 189 892 892 893 893 894 895 896 897 190 77 73 92 38 33 32 37 35
189: 855 21 736 89 343 539
190: 900 19 154 473 898 899 122 0 3 3 243 67
191: 902 901
192: 37 903 38 906 907 904 905 560 32 562 564 35 183 3 73 4 7 908 40 33 84
193: 146 15 345 791 211 16 87 132 231 812 230 93 21
194: 19 368
195: 216 784 26 750 21 21 23 334 440 742 915 180 73 913 909 128 914 175 911 910 84 912
196: 37 38 40 183 560 32 562 564 35 98 919 918 438 917 916 33 84
197: 147 901 534 40 40 33 33 32 32 31 31 440 37 37 193 34 34 38 38 533 35 35 920 921 922 923 148
198: 243 23 84 926 928 929 411 438 128 930 924 925 97 927
199: 288
200: 238 279 139 693 21 21 46 46 47 289 345 3 3 3 938 340 933 932 931 937 936 935 934 76 128 481 96 16 1
201: 620 46 944 942 939 940 941 180 73 9 8 943 84
202: 345 159 315 567 98 3 243 264 87
203: 214 155 115 259 259 947 40 1 0 3 3 4 752 461 460 73 90 38 33 32 31 945 945 37 35 34 946 299
204: 948 949
205: 951 950 952 76 76 340 340 806 934
206: 958 15 583 23 19 158 953 955 954 957 956 748 3 3 547 21 803 420 96
207: 836 22 88 0 3 252
208: 959 670 808 76 181 128 822 96
209: 554 38 960 16 33 158 31 394 37 3 35 34 117 73 40 32 164 165 92 285
210: 525 961
211: 19 139 20 93 193
212: 146 962 85
213: 964 965 966 967 963 19 114 3 3 111 65 7 70 70 128 69 138 349 96
214: 14 23 159 968 969 315 3 3 92 431
215: 216 971 970 23 180 3 4 296 176 516
216: 150 155 211 175 87 977 976 975 974 973 972 40 40 285 98 21 38 38 59 33 33 32 32 31 31 37 37 35 35 34 34 19 534 533
217: 19 8 980 979 978
218: 150 982 983 981 986 984 985 175 794 21 183 40 0 560 562 564 38 19 32 37 35 33
219: 988 989 987 76 3 243
220: 340 154 96
221: 150 13 875 771 990 23 554 992 168 112 991 459 936 21
222: 995 994 997 996 993 0 46 998 76 159 96
223: 150 21 21 19 999 0 3 910 480
224: 334 212 316 211
225: 593 145 159 46 4 6 296 8 1005 1004 1003 1002 1001 1000
226: 75 1006 117 21 431
227: 1007 76 76 128 401 1008
228: 833 21 21 1015 252 3 73 1009 70 70 506 506 69 1016 1014 1010 1011 1012 1013
229: 150 76 542 132 3 1018 113 93 1017 806
230: 150 21 19 19 863 114 3 3 63 368 70 128 138 349 96
231: 1020 19 60 131 168 1019 73 166 96
232: 96 178
233: 250
234: 1025 1024 38 1021 1023 1022 560 32 562 564 35 183 1026 168 37 175 40 33
235: 1027 1027 21 1029 1028 9 658
236: 21 46 130 168 1032 1033 1030 1031 139 376
237: 390 67 87 3 40 183 1038 1039 4 8 1036 1037 1034 1035 1042 560 562 564 38 655 224 481 96 1043 10 1041 1040 1044 33 32 37 35 435 431
238: 459 155 155 629 629 310 191 190 132 40 40 113 82 1050 183 46 979 0 3 184 14 188 189 380 380 122 96 38 38 1047 1046 1045 33 33 32 32 31 1048 37 37 35 35 34 1049
239: 1051 1052 1053 1054 46 76
240: 24 1055 1056 860 3 3 289 131 21
241: 1057 76 46 334 196 465 3 7 253
242: 150 1058 1059 46 159 4 6 1060
243: 740 459 152 213 217 115 394 279 279 87 21 853 3 340 400 670 245 168 1061 1063 1062 296 806
244: 4 1064 351 23
245: 784 13 14 1065 1066 77 73 4 7
246: 137 1067 67 69 253 87 22 23 1070 403 4 503 751 76 1069 1068 48 49 50 940 296 516
247: 77 13
248: 150 13 21 43 245 532
249: 595 1072 1073 1071 4 128
250: 1082 14 1078 1079 1076 1077 1074 1075 391 503 76 3 264 278 812 1080 87 87 1081 516
251: 832 1086 1085 1084 1083 14 16 46 46 322 345 123 73 402 87 21
252: 334 193
253: 1087 693 449 606 155 14 46 158 1089 1088 1090 159 3 3 241 435 83 149 84 21 21
254: 304
255: 19 3 7
256: 19 150 21 994 1091
257: 623 1094 1092 1093 3 117 498 65 128 8 92 528
258: 46 1095 111 96
259: 1096 1097 59 59 3 3 98 117 92 92 1034
260: 214 15 15 15 48 669 835 46 1101 1098 1099 462 599 655 1102 1100 67 67 279 14
261: 129 1103
262: 24 159 21 21 16 19 1080 391 1 543 543 3 1105 111 1104 242 370 548 224 69
263: 10 304 1106 1107 168 175
264: 19 449 16
265: 38 1110 560 32 562 564 35 183 37 40 33 1108 1109
266: 138 448 19 608 1111 1112 497
267: 437 1113 1114
268: 1 1116 407 0 3 3 1115 1117 67 137
269: 900 19 76 76 46 46 47 47 1122 1123 1124 288 168 1121 1119 1118 1120 175
270: 46 19 100 449 7
271: 967 59 14 16 19 1125 1126 1 3 353 4 15 92 96
272: 1128 3 1127
273: 982 982 196 448
274: 216 1129 20 14 19 19 1130 76 63 9 283 87
275: 48 1133 1132 1131 1137 1136 1135 1134 76 76 73 82 806
276: 1142 10 1139 1138 1143 600 459 302 302 400 1140 76 76 1141 67 293 287 96 96
277: 1129 1146 1147 1144 1145 159 158 1148 1149 132 40 176 255 851 48 46 46 799 195 3 9 8 1151 1150 168 264 21 38 33 32 31 37 35 34
278: 15 600 48 23 1155 158 16 1153 1152 168 1023 401 1154 1034
279: 19 11 99 368
280: 599 1157 1156 75 19 19 19 3 384 299 822 96
281: 1160 594 747 158 131 67 1161 21 23 46 407 345 3 3 3 4 334 312 1159 1158 304 76 789 351 475 292
282: 997 152 59 59 19 3 3 100 92
283: 92 152 285
284: 1164 1165 1166 1162 48 1163 952 345 168 9 167
285: 217 1167 1021 450 193 195 46 475
286: 146
287: 10 13 771 1171 48 1170 1168 1169 77 76 390 113 435 84 1172
288: 1174 1173
289: 3 59 276
290: 82 131 136 278 254 84 21 46 43 0 3 3 4 1177 1177 1176 1175 1179 1178 98 122 384 385 71 1180 73
291: 450 133 16
292: 10 10 450 1182 1183 1181 99 98 7 8 172
293: 75 111
294: 19 448 111 7 16
295: 458 76 211 46 345 488 252 252 230 910 97
296: 21 46 1184 1185 608 608 43 3 83
297: 1188 76 19 158 1064 1186 315 1187 46 3 168 168 70 73 462 516
298: 1190 606 339 48 1189 46 46 46 860 789 76 3 4 243 112 128
299: 155 312 67 87 21 21 536 876 877 1193 1192 40 40 3 260 38 38 33 33 32 32 31 31 37 37 35 35 34 34 1191 535
300: 152 59 19 19 748 441 1195 1194 333 76 532 67 20 92 349
301: 155 158 1200 1197 276 67 601 1199 1198 21 22 40 40 1196 3 245 76 73 38 38 33 33 32 32 31 31 37 37 35 35 34 34 536 535
302: 15 238 43 14 286
303: 745 19 312 1201 799 1202 3 1203 67 9 497 529
304: 77 1204 13
305: 92 73 96
306: 459 585 243 345 1205 18 18 1207 1206 76 181 7 8 152 1208
307: 618 435 1209 1210 247 800
308: 1212 1211 19 969 414 3 3 655 175 1034 822
309: 1213
310: 9 8 13 340
311: 131 130 794 40 183 8 1216 1217 1214 1215 560 670 670 562 564 38 19 32 37 35 33 685 822
312: 76 1080 46 23 1218 1219 1220 132 384 737 96
313: 216 607 449
314: 60 203 1223 1222 1221 19 77 46 168 243 80 282 822
315: 1226 1225 1224 368 183 19 32 562 564 35 560 76 38 37 7 40 33 14
316: 1227 499 1034
317: 76 1228 111 14 85
318: 1232 202 1230 1082 948 19 982 982 643 1229 403 76 3 353 136 117 343 128 340 399 69 1231
319: 555 334 60 113 48 954 524 3 3 343 8 349 1234 1235 1236 771 1233 73 126 16 19 19 417 353 806
320: 67 203 1219 679 1237 23 46 19 30 1238 391 76 3 3 2 73 299 296 296 22 180 516
321: 8 167 48
322: 214 1125 693 40 3 534 8 349 448 1239 38 19 32 31 30 37 35 34 1241 1240 724 1242 533 33
323: 217 46 1190 954 799 1243 73 475 87 96
324: 146 19 111 368
325: 77 13
326: 137 80 174 20 21 48 23 46 46 1 3 343 98 241 243 387 269 96 1245 1244 1247 1246 1249 1248
327: 111 7 1250
328: 750 43 243 1251 296 682
329: 1252
330: 15 518 61 1254 123 1253 512 815
331: 365 516 19 1256 1257 96 1255 384 6 6 8 286 1258 255
332: 308 1129 76 19 1261 1260 344 345 951 384 126 168 1259 96
333: 10 20 21 1263 1262 45 1266 1265 1264 76 65 18 370 87
334: 1268 836 0 76 404 1267 333 60 98 63
335: 196 700
336: 760 747
337: 1077 77 76 825 8 503
338: 313 759
339: 1269 59 19 1271 730 1270
340: 15 21 19 47 1272 122 397 384
341: 15 19 1273 969 3 822
342: 1274
343: 414 997 59 1275 431
344: 130 19 92
345: 1278 38 40 33 32 31 37 1276 34 526 35 1277
346: 1279 1281 1280 1283 10 19 1204 1282 407 131 20 139 96 255
347: 1285 1284 607 1286 57 0 3 642
348: 15 16
349: 407 1287 1289 1288 1290
350: 61 259 1293 543 40 289 183 4 1292 8 1291 1296 1294 1295 560 562 564 99 70 91 38 33 32 37 35 293
351: 216 693 319 19 20 211 159 139 1298 456 257 46 3 1299 384 93 93 96 1297 87 26
352: 1177 753 1175 1300 14 78 10 19 150 1301 46 46 168 368 146 128 282 84 21
353: 19 150 175 43 315
354: 138 538 23 539 567
355: 20 154 19 611 333 73 67 96
356: 750 14 1302 1303 158 0 3 3 404 70 92
357: 1304 1305 1306 1307 159 1206 1308 258 397 113 231 794 20 46 952 43 7 753 713 76 387 10 98 353
358: 550 833 1315 1314 1313 1311 48 1310 159 3 1309 60 46 180 73 4 278 238 1312 96
359: 308 1316 73
360: 1317 1319 1318
361: 1320 48 1162 596 46 76 181 168 167
362: 964 150 13 13 1321 1081 48 159 159 258 3 117 215 243 8 8 69 365 119 435
363: 1322 1323 155 1324 629 629 310 191 190 391 113 82 1050 183 40 40 543 186 4 184 188 189 380 380 14 38 38 1047 1046 1045 16 33 33 32 32 31 1048 37 37 35 35 34 1049
364: 1034
365: 155 155 1327 1325 748 1328 1329 969 128 128 1326 48 955 40 40 289 8 8 8 1093 73 91 90 93 39 38 38 33 33 32 32 31 31 37 37 36 35 35 34 34 19 19 354 384
366: 21 747 1334 1331 1330 1333 1332 8 709
367: 1 527 288 1335 554 333 393 300 181 4 69 8
368: 150 154 1080 19 19 760 1336 1308 74 73 137 96 806 516
369: 9 689
370: 1337 1338
371: 1339 76 46 1341 1342 871 1340 655 168 554 689
372: 1340 76 1343 1343 1344 1345
373: 19 368 1346
374: 19 473 459 96
375: 1347
376: 546
377: 1348 1348 459 1343 15 48 48 211 952 952 345 498 498 413 256
378: 146
379: 1349 139 152 1351 1350 3 340 128 8 175 87
380: 115 3 842 299
381: 1080 1353 1352 1308 160 232
382: 193
383: 656 1051 96
384: 524 1355 1354
385: 20 3 1357 1356 657 117 7 139
386: 150 1359 1358 19 57 758 315 46 642 67
387: 132 764 76 73 4 1360 1361 128
388: 146 19 150 334 1145
389: 158 1364 3 1365 1362 65 67 67 340 1363
390: 769 1367 19 1366 345 168 4 67 278
391: 19 1270 92 59 1368
392: 1370 1369
393: 590 783 46 57 382 131 70 8
394: 1371 1372
395: 747 46 543 1373 725 276 8 84
396: 1052 1375 1374 153
397: 967 155 1377 19 763 3 7 1376 1378 682
398: 152 14 48 57 291 402 322 61 585 73 4 229 1379 176 1005 138 1380 1380 1381 1382 804
399: 19 46 402 1383
400: 151 151 155 706 707 660 89 113 21 21 1191 40 1388 329 123 123 38 19 19 32 31 37 35 34 46 46 416 416 353 353 1384 1385 1386 1387 33
401: 155 603 629 629 191 191 190 190 553 627 1394 46 40 40 40 183 183 186 186 184 184 1397 1396 188 188 189 189 1393 1392 1391 1390 1390 316 316 380 380 168 100 1395 869 38 38 38 1046 1045 33 33 33 32 32 32 31 37 37 37 35 35 35 34 1389 511
402: 21 21 23 4 1405 60 76 5 1253 1399 1398 1398 1403 1402 1401 1400 1400 1400 1406 481 481 1404
403: 61 48 40 40 40 40 40 1409 1408 7 1407 264 38 38 38 38 38 22 19 32 32 32 32 32 31 31 31 31 31 37 37 37 37 37 1288 35 35 35 35 35 34 34 34 34 34 536 535 1410 1411 1412 1413 1414 33 33 33 33 33 285
404: 448 15 21 19 482 333 87 0 9 1415
405: 319 20 19 725 226 8 139 1416
406: 10 20 19 1418 397 96 1417
407: 13 15 889 77 130 139
408: 1419 19 180 910 46 3 397 401 435 87 427
409: 1421 1420
410: 303 193 1369
411: 1422 16 939 404 1008 916
412: 1308 90 90 175 414 1423 92 1425 1424 48 1426 46 1428 1297 585 304 383 73 20 101 78 59 1427 1106 435
413: 662 590 39 38 627 709 1430 33 32 31 37 36 35 34 1429 40 276 13
414: 311 310 191 190 60 65 46 955 40 183 184 188 189 629 629 380 380 76 76 38 1436 1434 1435 1432 1433 1431 33 32 37 35 353 682
415: 407 1437
416: 629 629 310 191 190 1438 82 21 48 48 40 183 1443 4 184 1440 186 188 189 1442 1441 380 380 38 33 32 37 35 1439 356 293
417: 10 123 585 21 345 46 312 76 3 3 193 866 1447 1446 382 1444 1444 67 1445
418: 13 601 213 452 542 132 243 435 160 21
419: 458 150 150 747 159 1308 1308 130 67 138 84 20 48 46 46 0 1449 1448 996 488 91 90 1182 1450 1451 516
420: 65 516
421: 150 0 67 670 407 730 3 3 3 241 1452 1453 9 297 78
422: 155 599 21 46 405 40 407 3 340 4 4 736 736 1461 1460 1463 1462 770 73 38 14 33 32 31 37 35 34 1454 1455 1456 1457 1458 1459
423: 25 26 1466 21 21 21 30 1 76 510 1465 1464 167 143
424: 48 518 46 291 315 159 159 1468 1467 138 84 78
425: 24 449 967 21 3 19 158 1470 608 543 391 130 130 1469 138 84
426: 1472 1471
427: 618 7 1473 131 1476 1477 1474 1475
428: 10 10 996 1479 168 855 76 46 46 713 1308 712 307 0 3 725 520 723 459 73 1478 92 92 159
429: 19 1064 1482 1481 1480 168 230
430: 150 13 601 21 748 43 75 168 65 91 8 111
431: 1419 449 7 211
432: 1483 459 3 435
433: 146
434: 19 139 448 1485 1484
435: 146 150 214 709 19 43 979 46 1486 923 21
436: 132 1355
437: 216 216 10 584 194 67 253
438: 155 1309 88 259 1487 252 1489 1488 48 40 344 657 441 670 1490 76 1492 1493 1494 38 14 1491 33 32 31 37 35 34 293
439: 26 456 414 353 1495 1496 1497 1498 512 431
440: 9 414 1321 822
441: 150 618 697 16 860 76 264 0 1500 730 3 3 1501 112 128 1499 622 78
442: 1502 1503 168 1232 96
443: 1159 21 159 159 1505 149 1254 1254 652 658 1504 1504 400 400 278 80 84
444: 13 77 1370 1506 1507 1369
445: 1508 448
446: 449 211 19 334 1419 131 265 176
447: 740 590 202 48 76 1182 193 77 61 73 1509 1511 1510 1512
448: 976 607 15 21 1293 1515 1514 269 1513
449: 10 14 48 76 322 132 123 8 1517 1516
450: 14 159 334 315 3 1518 343 92
451: 23 312 3 351 296 8
452: 10 601 21 22 1288 180 1520 1519 1521 1522 67 370 512
453: 693 46 46 18 954 1524 3 4 4 1523 8 382 804 256 78
454: 1320 215 596 1308 60 1526 87 832 48 23 180 345 3 1527 4 4 4 8 365 1176 771 1351 76 384 243 1021 13 15 1525
455: 88 136 236 138 230 21 21 1536 46 46 40 183 1528 1529 300 562 564 38 33 32 37 35 560 1367 1535 1534 1533 1532 1531 1530 1530
456: 693 1434 14 158 57 1288 1537 3 8 171 78
457: 578 21 21 48 46 1540 714 541 476 1539 234 274 96 284 97 1538
458: 1226 1225 1224 111 85 1544 1542 1543 1541 40 40 183 560 562 564 38 38 14 19 32 32 31 37 37 35 35 34 33 33
459: 1546 1545 1021 21 46 159 370 69 80
460: 449 15 19 384 435 285 87 78
461: 155 191 190 392 1548 67 82 256 1547 1547 1547 40 40 40 40 40 1549 183 180 186 184 325 188 189 263 262 1552 168 1551 1550 1553 1553 38 38 38 38 38 33 33 33 33 33 32 32 32 32 32 31 31 31 31 37 37 37 37 37 35 35 35 35 35 34 34 34 34 357 353 684
462: 59 343 656 76 3 264 96
463: 1555 1554 1556 1122 3 130 168 723 1496
464: 38 1557 345 1559 1558 31 37 35 34 76 40 32 1560 1561 1562 1563 1564 33
465: 1565
466: 155 629 629 191 190 60 111 24 21 183 46 40 40 40 1568 1569 3 403 4 4 184 188 189 1566 1567 566 380 380 75 38 38 38 33 33 33 32 32 32 31 31 37 37 37 35 35 35 34 34 536 535 1573 1572 1571 1413 1414 1570
467: 152 21 46 608 473 520 4 990 387 82 340 138 1576 1575 1574
468: 57 76 382 176 1577 516
469: 2 48 1582 1580 1581 75 1578 296 1579 130 340 113 488 252 8 1459 96
470: 20 211 19 87 139 93
471: 150 15 21 965 19 1583 761 10 98 74 1476 682
472: 8 264 340 1584 1129
473: 1422
474: 1508
475: 1302 748 397 65 87 21 46 1586 1587 1585 344 195 1235 98 241 90 92 94 846 14 849 137
476: 155 191 190 53 1588 1589 40 40 40 183 180 184 188 189 467 467 466 466 461 460 1594 75 1591 1590 1593 1592 38 38 38 33 33 33 32 32 32 31 31 37 37 37 35 35 35 34 34 536 535 353 296
477: 38 15 48 16 33 32 40 37 712 35 316 316 1595 183 191 1596 186 186 190 184 188 189 1597
478: 1069 623 19 3 46 180 343 8
479: 21 951 43 456 76 73 73 1518 1598
480: 216 414 153 65 1601 159 1600 1336 607 799 115 76 122 46 333 1599 87 96 96
481: 19 1602 20 448
482: 10 23 1603 16 1605 1604 1606 390 384 498
483: 211 61 61 138 84 21 1612 1613 1610 1611 3 5 4 4 911 128 484 1609 1608 14 860 1607 1607 1106 180
484: 16 158 1614 1615 315 3 123 6 9 138 74
485: 967 23 1616 1376 66 67 67 529
486: 150 1618 1619 1619 1617 304 414 414 1480 243 394 1498 100 427
487: 87 48
488: 1621 1620
489: 1622 448
490: 1623 682 1507 1624
491: 1626 1625 211
492: 1250
493: 1340 8 1588 1588 1628 1627
494: 1630 1629 799 111 73 73 296 8 87
495: 1631 1632 1632 1633 20 1635 730 19 334 76 115 61 123 9 1634 278 528
496: 155 747 629 629 112 191 190 67 67 82 1636 1637 1638 1639 40 40 183 3 347 184 8 188 189 349 310 380 380 76 75 1640 38 38 1641 1046 1045 33 33 32 32 31 37 37 122 35 35 34 19 19
497: 1645 1644 15 1643 1642
498: 459 243 516
499: 753 1647 1646 543 304 768 1648 76 4 178 686
500: 472 472 1650 1650 1651 1649 759
