008.45 339216814 437750353 438316594 439700470 458186548 466127182 470740063 486198688 487705102 516742357 522300208 531008479 537266848 558087388 562232230 567786415 573300391 606410884 694757584 695437471 766900018 771664141 783327910 
008.61 437750353 662399089 
008.62 489749677 
008.63 531008479 531008986 622507198 651815347 734037721 
008.67 566349187 
008.8 339524680 347586370 437750353 444977287 471437734 521086372 531008986 566349187 577965805 585350806 591771766 602600779 654617302 664421434 715819573 
009.1 455537707 
009.3 339216814 462337123 531008479 567786415 653259127 695437471 759827095 
032.9 546400843 
033.9 556909705 751778470 
034.0 439151506 444179386 453000796 508792636 743458561 
038.0 470740063 514674265 550486288 563186716 572050129 594322639 804569650 
038.11 550486288 
038.12 471708043 659578414 
038.19 470740063 772863157 
038.40 349552126 
038.41 728808289 
038.42 470740063 557524306 722320444 
038.43 572050129 713044021 728808289 
038.44 342883555 
038.49 349552126 470740063 539881759 572050129 594322639 742684216 
038.8 354609061 557524306 563186716 
038.9 352179049 455537707 462337123 466758046 471437734 477199945 512988958 520303291 528549451 530520784 531008479 531434047 537266848 558087388 581607001 595891726 599443066 627695056 641522584 654617302 678413464 679534870 710962474 785814394 
041.02 456929110 497102971 563186716 602620084 606195019 640971631 686122243 701426662 739201711 762456592 763708063 809250586 
041.04 347586370 439101001 466758046 470740063 550486288 554677111 599443066 655768933 730120093 742251394 758175250 780880426 
041.09 732015571 
041.10 518235433 643998382 
041.11 349552126 356359966 482572273 500970835 520303291 598804831 609783760 632690332 634295884 654617302 655768933 670723873 715819573 719569462 751778470 759827095 762344584 771172624 787578520 793658893 806897833 
041.12 342242473 359120581 438316594 470740063 496967212 503312473 521086372 547164151 558495367 589200964 599443066 619562737 630729607 633910759 641561896 642845269 655768933 662104015 751148230 759771052 806897833 
041.19 546400843 557524306 567786415 588296710 742886626 772863157 
041.2 471897739 790634794 
041.3 349552126 470740063 531008479 545062987 557524306 585839125 641561896 646237879 654617302 679534870 739210798 742251394 759827095 769027468 
041.4 347586370 451880014 554677111 555103459 
041.49 462337123 554677111 557524306 569191702 581680477 623294257 645552376 651725452 655385797 678413464 695220085 759827095 769027468 769478347 771128086 783327910 
041.5 599443066 665934712 682342519 751778470 783009709 
041.6 783327910 
041.7 342883555 348126208 438316594 451880014 459375346 503312473 512386759 520303291 522300208 546400843 547164151 575817100 599443066 630729607 633910759 638385268 651725452 678413464 679534870 685004737 698867950 701426662 715819573 733827784 742251394 771172624 806897833 
041.82 645552376 
041.84 348126208 446384680 531008479 555103459 771128086 
041.85 322067851 342883555 352179049 438316594 441342253 446384680 450864961 451880014 470740063 475029829 560673127 588296710 638385268 639332461 641561896 651618085 679184533 698867950 702997426 714165310 742251394 742684216 
041.89 
041.9 354609061 638385268 673486828 
047.8 
047.9 599655148 715881661 758322358 764836021 783211300 
054.2 580245940 664585663 719615911 
054.3 682342519 783211300 
054.5 577012645 590351386 627408718 715881661 
054.6 487705102 719615911 
054.72 577012645 
054.9 431742286 487705102 577012645 590351386 645623902 669420220 682342519 715881661 783211300 
057.8 521086372 
057.9 483830764 511101202 516512686 521086372 533822173 548937793 559693525 636204310 640179268 640411357 654906253 687605257 692614612 703543387 710100106 
070.54 543604387 616448392 663418783 732232099 806509003 
070.59 689633920 
070.70 629070859 
074.0 445869802 462953284 464362900 497162446 613530334 
074.3 338566294 338566372 452627566 502190287 531434398 549609958 558339133 571993891 591771766 611723230 622137478 622139506 628776331 669997537 679711345 726502258 744290470 766517662 
074.8 
077.99 725127898 
078.0 483976819 
078.5 461398393 528469930 531008479 713044021 
078.89 465378382 588296710 633910759 
079.0 466758046 489749677 577965805 687605257 
079.3 475029829 487705102 520303291 521086372 566349187 567786415 568989877 572851111 588296710 598804831 619562737 633910759 641561896 655768933 662399089 665654341 678413464 679184533 679534870 698867950 702997426 715545793 715819573 742251394 744049060 751778470 754125997 761997991 774931990 783651415 787943248 792265852 792452389 806897833 
079.6 470740063 487705102 520303291 567786415 
079.89 349552126 487705102 588296710 633910759 714649456 730120093 772178239 
079.99 348126208 349552126 354609061 354734797 356029090 359120581 431928706 432850120 433428997 436445179 438490417 439151506 440265541 440523955 441342253 445869802 447017104 448985161 450595627 457253239 462337123 462953284 467511721 468380758 470188018 473286295 474673642 475029829 476861230 478564204 480111802 483830764 483976819 485985475 487705102 489749677 492290293 492909730 495262327 495290056 497002195 498455998 499505332 500970835 501696196 502188610 509303068 509607580 511991884 513355831 514674265 517580272 520303291 521086372 522341509 524708107 530520784 532527880 534692692 534786058 534882388 535769365 537266848 537288727 539046847 539881759 542117707 545708671 553156852 554000890 555103459 555108295 556909705 557042695 557737675 558495367 561960673 562283398 570069904 571680214 573879424 576882502 578730946 579427057 581680477 586364689 586607425 588296710 589200964 599443066 604453201 605336122 609774322 610449022 611677171 617035849 622137478 622139506 626343082 630617755 631416280 631582732 636204310 636836929 638073892 638385268 639024907 639332461 641561896 648690238 654906253 662399089 663227917 664421434 667419208 673188985 673196239 676733812 678413464 679711345 679769026 687308155 693677947 694757584 695220085 697714525 700326589 702941890 704055808 712996129 715819573 719373370 719615911 720768010 728621362 732426865 741119614 745279276 751148230 752738962 753249628 759827095 766517662 772394533 774922279 775065175 777863191 781712491 785061031 793658893 797688490 807306865 808603888 
087.9 566349187 573300391 
10001.71 506958817 791126233 
10001.79 532527880 547734487 623294257 684311551 689633920 693328507 708114928 719615911 742681174 752738962 757906735 777611563 804071542 806509003 
10001.89 
10001.9 
10002.54 359120581 462953284 470740063 547164151 606410884 610861057 627478606 643584085 679184533 679534870 694757584 697714525 698867950 701323117 709061302 713974015 715278565 721226611 743643850 744049060 751148230 755608816 782973205 784711162 791312965 
10002.59 466758046 470740063 523022371 531008479 531008986 619562737 
10002.9 
10003.81 557524306 572851111 762456592 776699197 
10003.82 322067851 339048880 347586370 352118326 352179049 354609061 454091431 458186548 504796423 509388127 517640137 541689253 554677111 567786415 568989877 572851111 620503924 622507198 638385268 641216668 641561896 649512826 651725452 655768933 678413464 678685684 707660812 714649456 728808289 751587760 759827095 762456592 770280889 776699197 780880426 
10003.89 470740063 
10004. 557524306 
10004.5 451787545 481246351 
10004.81 342242473 347586370 348126208 354609061 359142187 359296120 408110158 437750353 438316594 440057164 440265541 440522902 441342253 442174435 444298843 446643913 448985161 449218303 450883798 451880014 453137062 455537707 462337123 465061741 465714367 466153468 470188018 470740063 475029829 478564204 479427898 482764387 483717508 489749677 493359712 494485642 497102971 500970835 502188610 502190287 504796423 508435747 509667445 515960602 520303291 522300208 530989018 532527880 534729703 537722485 538193761 539050708 544269532 544715770 545708671 547164151 554677111 555008689 555108295 558495367 562283398 566069674 566237296 566974825 568989877 571993891 572050129 575817100 586364689 588296710 588384967 592939192 599070850 599443066 600026311 609774322 612700804 614437864 616355845 619562737 628388476 628811821 631814626 633904753 641079778 641561896 642845269 651791206 651815347 654617302 658239349 660930778 662399089 662711245 665654341 668707534 676137190 676733812 678413464 679534870 689633920 694166851 698867950 701426662 707660812 715545793 746965636 
10004.82 538634695 588296710 651725452 659578414 678331759 701426662 719615911 742251394 774931990 
10004.89 470740063 732015571 751587760 776699197 
10005.3 322067851 347586370 352118326 454091431 458186548 470740063 509303068 517640137 521086372 537266848 538634695 558087388 560750659 567786415 572851111 617267119 620503924 621412078 638385268 641216668 641561896 649512826 654617302 655768933 657055426 678413464 685004737 688883872 692132455 701426662 707660812 714649456 728808289 732015571 742251394 743486875 751587760 755245921 759827095 768993850 770280889 780880426 783327910 791279230 796225327 796403908 
10005.4 354609061 504796423 654617302 685004737 
10005.8 356359966 489749677 
10005.9 598804831 621412078 633910759 639024907 654617302 655768933 715819573 
10006.1 322067851 347586370 352118326 458186548 470740063 483717508 557524306 567786415 572851111 620503924 622507198 638385268 641216668 641561896 649512826 655768933 678413464 728808289 732015571 751587760 770280889 780880426 
10006.3 454091431 554677111 651725452 678685684 707660812 714649456 783327910 
10006.4 504796423 654617302 
10006.6 557524306 732015571 
10006.8 517640137 521086372 547164151 554677111 555918481 630729607 651725452 678685684 701426662 742251394 759827095 762456592 776699197 
10007. 352179049 354609061 438316594 441342253 451880014 453137062 470740063 475029829 487705102 513355831 514674265 517147099 520303291 521086372 523022371 531008479 531008986 542117707 547164151 553416982 554677111 558495367 562283398 566349187 567786415 568989877 570942997 572050129 572851111 576882502 577965805 586364689 588296710 598804831 599443066 603319510 606410884 619562737 630729607 633910759 637116637 638385268 641079778 641561896 641614546 642845269 645552376 649496602 651815347 654617302 655768933 659578414 662104015 662399089 662642098 662711245 668707534 673486828 676733812 678413464 679184533 679534870 684157891 685004737 694757584 697714525 698867950 701426662 704055808 714649456 715819573 719615911 723863947 732015571 732426865 733827784 738240400 742684216 744049060 744290470 747246670 751587760 751778470 752738962 752800114 755245921 759771052 761997991 762456592 763753108 766900018 768993850 771664141 771908203 772178239 772863157 773055661 774922279 774931990 780296284 783651415 784711162 785961814 791126233 792265852 797789968 801318298 806897833 
10007.39 514674265 657055426 
10007.9 719615911 748384612 757718170 
10009. 
10009.8 470740063 523022371 554677111 
10009.80 
10009.91 735284161 
10013.01 521086372 633910759 723853105 
10013.02 354609061 452627566 462337123 475029829 480111802 513329701 522300208 554677111 555103459 557524306 558087388 558495367 564648904 566349187 577967560 599389792 602600779 614863627 641079778 645552376 655768933 662642098 678413464 685004737 704893099 
10013.09 462337123 
10013.59 453137062 530520784 
10013.61 
10013.62 433903666 459375346 475029829 508435747 533822173 570942997 648912226 655798339 769027468 771664141 
10013.63 433903666 437750353 458754037 570942997 599070850 
10013.64 432869191 453137062 492554830 503426938 511695640 537266848 541689253 562283398 599443066 620503924 638385268 692807272 767986558 800801548 
10013.65 347586370 352179049 431899417 440265541 446384680 447072718 458186548 478564204 486179734 500779501 507693538 517147099 520303291 522168037 524457883 534882388 536749201 545708671 553416982 560750659 566237296 567786415 580996729 591771766 599177281 621412078 635558119 638385268 667419208 679534870 709268899 715545793 720768010 732015571 743085097 755245921 
10013.66 354734797 438316594 448985161 465061741 477521110 478564204 478581052 497821975 499505332 533302420 535084681 559927564 566237296 574380691 627478606 631814626 641216668 662399089 666055105 676733812 678331759 694757584 697393906 700834720 707660812 736601854 746965636 757361983 764566375 783432352 
10013.67 339524680 363645829 433903666 435123976 437750353 447066712 458754037 468861160 483980758 485242642 497821975 500424835 503426938 505672597 508435747 516742357 519923704 535084681 537732274 539881759 547164151 555103459 561997528 574380691 585120940 589876834 591861505 606410884 610449061 610844482 615886558 620896342 621412078 639332461 645552376 652315288 654673657 655798339 668707534 669364255 671177677 673064692 676733812 679534870 688546561 694757584 702207013 705774889 715545793 723051616 730120093 732015571 732710980 732733249 734037721 737261149 739175347 739176205 742684216 759827095 762840859 764566375 766900018 769027468 770321605 771172624 771474913 771664141 771908203 781708591 782973205 787659913 787943248 789613891 790050847 791114377 796359916 797789968 
10013.68 438316594 478564204 537266848 562283398 566237296 599036686 599443066 654617302 
10013.69 438316594 559927564 566237296 581680477 641216668 
10013.7 338566294 338566372 339524680 348126208 352179049 356029090 356152369 356359966 358081504 359120581 359142187 432026284 432735538 433428997 434923984 437750353 438280285 438316594 440265541 442173928 443497159 446643913 447072718 448596175 450883798 451880014 453426481 454091431 455537707 456929110 457947556 458754037 459255577 459375346 459378466 462337123 462346678 462953284 466533211 467528140 468861160 469529581 469649545 470188018 471437734 474438355 475131151 477367021 478564204 479427898 479856586 480996829 483976819 485242642 486179734 487705102 489749677 492290293 492554830 493307998 496967212 497638714 497662270 497821975 498221452 498455998 499505332 499995952 503426938 503842561 504796423 505672597 506577514 509388127 511695640 513355831 513365932 516219250 517147099 519545989 520034191 520303291 521761891 522168037 522300208 523022371 528301645 530989018 532527880 535084681 535769365 536749201 537483805 539881759 544715770 545062987 547734487 553416982 553719466 553923709 554000890 554677111 555918481 557524306 558087388 558495367 561450046 562043860 566069674 566349187 567410884 570069904 570942997 572050129 572425270 572851111 573879424 574097473 575344771 575395393 576882502 577138342 581569756 581680477 581968414 586364689 586915603 587313442 588296710 588384967 589200964 589876834 591771766 591914584 593474818 594765484 599036686 599070850 599177281 599443066 599997958 605565949 606410884 606757945 609774322 616355845 619412119 619485790 619562737 620896342 623294257 626343082 631582732 631814626 633904753 633910759 634950889 635558119 639332461 642845269 643584085 646522501 647097283 649496602 652559857 654673657 655385797 655768933 655798339 659578414 660930778 662104015 662399089 662642098 662711245 663227917 668707534 669376033 673486828 673487101 674009662 674683270 675162892 675379732 676100491 676137190 676217023 676733812 678331759 678658267 678979978 679184533 679769026 680160196 680256955 688546561 689119705 694166851 694757584 695437471 697714525 698716942 698867950 701426662 702997426 703358293 703987090 704055808 707660812 707690920 709061302 710100106 713974015 714649456 715276069 715278565 715545793 715762126 715762360 715819573 719615911 719622073 721226611 722308471 722308900 722337604 722486350 723051616 723853105 723863947 725127898 725145097 725206171 728143651 728808289 732232099 732426865 733052386 734037721 735284161 737261149 737345155 738240400 738476077 738984598 739984519 741092509 741119614 742886626 743085097 743458561 744049060 744290470 747235204 747236062 747246670 748327477 748384612 750456448 751778470 752701288 752967775 753249628 754035478 757718170 757882087 759771052 762818161 763753108 764357452 764566375 766132810 766181443 766836058 767872405 769049503 770280889 771128086 771386539 771474913 771612271 771664141 775117864 777788662 781708591 782973205 787659913 791312965 792733306 793628512 793658893 795827605 796359916 797688490 797789968 807369538 807570037 808103674 808603888 821179867 
10013.8 
10013.89 487705102 
10014. 459375346 462337123 462953284 468861160 470740063 477835255 514674265 523867228 533302420 572851111 574380691 575817100 588296710 610844482 636836929 646874281 654517033 698558719 772863157 
10014.1 462953284 470740063 475131151 553416982 577138342 599443066 742251394 
10014.2 462337123 533302420 567786415 572851111 599443066 
10014.3 462337123 493359712 558495367 567786415 588296710 599443066 759827095 
10014.4 493359712 497821975 562283398 669272020 722486350 
10014.5 562283398 567786415 599389792 799426369 
10014.6 497821975 531008479 599389792 602662126 722486350 766900018 
10014.8 347586370 348126208 451880014 468861160 474438355 477367021 492554830 531008479 531008986 535084681 562283398 599443066 606410884 610844482 641216668 655768933 657055426 719569462 722486350 732015571 759827095 766900018 
10015.01 437750353 449218303 449680609 453137062 490050250 562283398 651791206 
10015.02 438316594 447066712 447072718 453137062 471437734 483019564 487705102 566069674 580996729 602600779 622157173 627650050 665654341 669749848 705774889 738308377 744049060 800935552 
10015.03 437750353 453137062 483019564 530520784 562283398 651791206 665654341 
10015.05 437750353 441342253 453137062 471437734 483019564 562283398 579427057 609783760 679184533 693350425 695437471 705774889 744049060 744290470 759827095 781712491 
10015.07 451880014 507637495 566349187 568989877 569191702 570942997 577138342 595891726 599036686 645552376 654617302 735133309 738984598 742251394 781366756 788147686 796225327 807065065 
10015.09 339524680 348126208 451880014 453137062 462953284 471437734 477835255 487705102 498221452 509388127 562043860 577965805 588384967 610844482 638385268 642845269 654617302 655768933 657055426 665654341 669749848 678413464 715819573 719014648 733052386 742684216 759827095 770280889 
10015.1 338566372 347586370 348126208 352179049 354734797 431899417 432207790 440265541 446384680 447072718 453426481 458186548 467528140 478564204 479816572 479856586 486179734 498659851 500779501 507693538 517147099 520303291 522168037 524457883 524510923 525178174 534882388 545708671 553191640 560750659 562307188 567786415 575817100 580996729 598804831 599177281 609979072 622507198 638385268 641216668 679534870 694539613 697393906 698428264 720768010 723863947 746965636 752357269 755245921 
10015.22 450924709 474438355 493359712 511695640 522300208 704055808 
10015.29 641768986 659578414 673867000 
10015.41 654617302 779236264 
10015.42 462953284 
10015.51 
10015.59 599036686 
10015.81 433428997 440057164 503312473 547164151 
10015.83 539046847 609774322 652977625 744290470 748384612 757718170 774922279 
10015.86 
10015.87 438316594 457901068 511695640 560673127 562043860 566237296 575344771 587833975 611280970 640704988 641216668 675169756 676733812 714443770 722964919 783432352 
10015.89 694166851 775065175 
10017. 
10017.2 
10017.49 448596175 477835255 564066556 655768933 755245921 
10017.5 652977625 744049060 773055661 
10018. 
10018.19 667044535 
10018.3 685004737 
10018.59 766373752 
10018.69 462337123 558087388 
10018.7 
10018.8 
10020.2 348126208 354734797 359120581 359142187 359296120 371760676 431631994 431928706 432850120 433368976 434137432 436445179 438428212 441499111 442964107 443605267 444246505 445691845 446117803 449218303 450595627 450883798 451234993 452267518 454446877 455537707 456929110 460080895 462173323 462953284 470740063 472366480 474673642 475029829 475342453 479427898 480111802 484116673 485242642 490502182 494306749 495108823 495373087 497002195 497102971 497162446 497536807 499505332 501639607 507508795 508435747 508475527 509388127 509667445 511357198 511695640 513355831 514674265 515960602 516742357 517640137 518235433 521086372 524559751 524837002 526902949 530520784 532481119 532527880 534786058 534882388 537266848 537732274 538750291 539046847 539050708 540033235 541891624 542117707 542931442 544715770 547626223 547734487 548181037 553923709 555103459 555108295 556847266 557737675 558664588 560393068 560750659 561450046 561997528 562043860 564033796 564066556 566069674 569632441 571680214 571993891 573879424 575489734 578730946 582971104 584491480 585120940 586364689 586607425 588296710 589876834 590998357 592939192 598804831 599070850 599279656 599509873 602600779 605332027 609774322 610449022 610844482 613978717 616355845 617035849 618691984 619562737 620503924 622137478 622139506 625017238 628317652 628776331 630672940 631416280 633904753 633910759 639024907 640411357 643585762 646522501 646963747 648163426 654070522 654906253 657055426 661690498 662104015 662399089 663234079 664421434 665476930 667419208 676733812 678658267 678979978 679711345 682342519 685653697 686496487 687605257 692132455 695220085 695394298 705774889 705922036 706743649 709019533 710100106 710962474 712996129 713974015 715278565 715819573 719615911 723051616 725127898 733052386 741092509 743458561 744054910 744290470 748327477 748384612 748754800 753249628 753780769 754035478 757718170 758181022 759827095 762456592 762840859 766132810 766517662 766900018 767986558 769027468 771908203 774922279 775065175 775117864 779279203 781708591 787578520 787659913 789781669 790049560 791312965 796359916 797799211 800643169 806509003 807570037 
10020.31 599279656 667419208 
10020.32 582971104 625017238 694166851 754443457 
10021.3 
10021.32 348126208 446643913 455537707 456929110 469529581 500970835 513365932 528301645 530989018 544715770 553719466 554000890 572050129 572851111 586364689 631582732 642845269 655385797 660930778 662104015 662642098 662711245 674009662 675379732 678658267 697714525 698867950 703358293 709061302 713974015 714649456 715278565 719615911 721226611 728808289 732426865 739984519 744290470 754035478 766132810 770280889 782973205 807570037 
10021.33 539881759 567410884 572425270 575395393 588384967 619412119 619485790 643584085 646522501 659578414 668707534 674683270 676137190 678331759 680160196 680256955 694757584 715762126 722308471 722337604 725145097 728143651 732232099 742886626 747246670 751778470 766836058 777788662 791312965 
10021.34 520034191 547734487 599177281 606757945 620896342 633898162 641561896 673486828 676100491 676217023 703987090 715762360 722308900 743458561 750456448 757718170 764566375 767872405 792733306 
10021.35 521086372 575817100 623294257 631814626 635558119 655798339 673487101 694166851 719622073 722486350 723051616 734037721 735284161 748327477 771386539 775117864 781708591 793628512 
10022.2 735133309 807718315 
10023.7 449104033 
10029. 436553989 444298843 447045769 447055558 458605018 458820727 471896608 477367021 477835255 518124790 524510923 531008479 533173837 535769365 554868367 574097473 574281241 575301520 578730946 580170007 583005463 583168288 584491480 584906401 585794860 585888850 596369710 606195019 612700804 617035849 617565001 642481633 664585663 667203421 669407662 673490221 679711345 686950018 687614422 687952435 689856259 702817402 702941890 706468543 708072847 713150179 728027158 733759768 734427175 737630557 737758087 739900357 742007059 742681954 748513312 751778470 752186917 753961612 754125997 754443457 757906735 764566375 765974236 767986558 769038310 771386539 771612271 773055661 775065175 777611563 777865297 798631432 800296459 801068464 801318298 804790117 805566100 807412087 807570037 809505256 
10029.3 
10029.8 
10030. 555918481 641216668 
10030.01 347027344 359194135 474438355 611280970 624226981 631814626 707660812 778157563 783327910 
10031. 437750353 707690920 754125997 792733306 793628512 
10033.01 680256955 
10039.01 
10040.9 
10041.2 757361983 
10042. 347586370 354609061 493359712 499995952 522300208 554677111 558087388 641079778 685004737 
10042.0 354609061 493359712 554677111 558087388 685004737 
10042.1 441342253 520303291 560673127 632690332 
10042.7 466758046 470740063 528549451 531008479 531008986 651815347 
10042.81 546400843 792265852 
10042.9 557524306 
10043.21 520303291 
10044.2 
10045.2 434923984 568989877 599036686 799426369 
10046.11 347027344 348126208 352179049 438316594 451880014 458186548 500970835 504796423 521086372 528549451 541689253 545062987 567786415 568989877 572050129 572851111 575817100 588296710 598804831 599443066 609778846 619562737 630729607 631582732 633910759 655768933 665654341 673064692 679184533 680406520 701426662 702997426 702998674 715819573 723863947 732015571 738240400 741092509 742251394 743085097 762818161 783009709 783327910 791126233 
10046.12 
10046.13 715819573 
10046.2 348126208 435123976 441342253 446384680 447072718 451880014 453137062 453426481 462953284 466533211 478564204 500779501 509303068 521086372 522168037 535769365 541689253 543448972 545062987 546400843 553191640 555108295 558495367 567786415 572050129 572851111 575301520 576882502 586364689 598804831 617267119 620759998 622507198 634804561 641561896 645552376 653259127 655768933 657055426 662642098 662711245 676733812 678413464 678685684 683253286 684157891 695437471 719569462 719615911 722337604 746965636 750861229 763753108 766900018 776699197 808268683 
10046.3 438316594 655768933 
10046.8 446384680 521086372 
10049.83 347586370 441342253 470740063 554677111 557524306 558087388 594322639 594765484 651815347 654617302 
10049.85 451880014 453137062 454091431 
10049.86 573300391 594322639 620759998 678413464 
10049.89 467528140 470740063 492290293 519545989 558495367 598804831 599443066 620503924 628388476 633910759 641079778 675162892 678413464 703966927 754125997 759827095 791279230 
10049.9 352179049 438316594 453426481 503842561 522300208 541689253 560750659 621412078 641561896 678413464 701323117 
10050.2 741119614 
10052.8 521761891 528469930 620503924 
10053.01 538694014 540033235 545062987 560393068 609774322 610190647 649496602 
10053.5 509303068 524837002 641561896 
10053.59 342242473 462953284 753780769 797789968 
10053.6 522300208 558087388 
10053.7 523022371 
10053.99 
10054.01 511695640 
10054.11 
10054.12 
10054.15 654617302 
10054.16 654617302 665654341 
10054.89 452608885 474673642 497821975 511695640 521761891 523022371 541689253 588296710 590279119 671105098 
10055. 348126208 435123976 474438355 474673642 511695640 521086372 522168037 558495367 562043860 562283398 567786415 572851111 599443066 633910759 655768933 673064692 702998674 719373370 723863947 732015571 742251394 783327910 
10055.1 339216814 339524680 342242473 347586370 348126208 349552126 352118326 352179049 354734797 359120581 438316594 441342253 441521887 445691845 446384680 453137062 453426481 454091431 462346678 462953284 464967244 467528140 470188018 470740063 471832492 474438355 475029829 478564204 482764387 483717508 485242642 496563718 497662270 500970835 503426938 503842561 504796423 509303068 511695640 511991884 512988958 521761891 522300208 524837002 532527880 534882388 538193761 541689253 545062987 545708671 554000890 557524306 558087388 558495367 560750659 562043860 566237296 566349187 566974825 567786415 572050129 575817100 577965805 588296710 591876637 594765484 598804831 602662126 610844482 616011436 620503924 621412078 623294257 628956160 631582732 633910759 634295884 638385268 639024907 639332461 641079778 642845269 645552376 646366345 649512826 654617302 655768933 662399089 662642098 676733812 678413464 678658267 678685684 678979978 679184533 685004737 698428264 701323117 732015571 733827784 742684216 751757137 753249628 772178239 775117864 780880426 787578520 796359916 799426369 806897833 808103674 808268683 
10055.2 439700470 547164151 550486288 641216668 759827095 
10055.3 434137432 459375346 483980758 497821975 508435747 540720337 572050129 622507198 679534870 705774889 728621362 734037721 
10055.4 509303068 522300208 524837002 639024907 
10055.6 594765484 
10055.8 546400843 
10056.2 522300208 
10056.8 349552126 354609061 493359712 499995952 594322639 654617302 
10058.11 433428997 450864961 514674265 537266848 546400843 606410884 657055426 
10058.2 622157173 
10058.3 
10058.31 
10058.32 514222918 547160212 554959588 
10058.42 442173928 445952716 493659856 522184066 560810524 
10058.44 354609061 441342253 470740063 493359712 520303291 531008479 531008986 554677111 558087388 632690332 641079778 651815347 792265852 
10058.49 439101001 451880014 459375346 497821975 
10058.61 354609061 438316594 441342253 452627683 506320621 520303291 531008479 531008986 543448972 560673127 575344771 587833975 594322639 599443066 635558119 641216668 648914410 655386070 673867000 698428264 748754800 755245921 759771052 768993850 
10058.62 349552126 483976819 609979072 662399089 662642098 
10058.65 441342253 530520784 531008479 610844482 621412078 638385268 772863157 
10058.66 441342253 531008986 560750659 567786415 572050129 594322639 632690332 651815347 654617302 673486828 723863947 755245921 
10058.69 347586370 354609061 441342253 477367021 478564204 492290293 493359712 513355831 520303291 523022371 530520784 531008479 531008986 535084681 554677111 558087388 560750659 566349187 570942997 572851111 599389792 606410884 631582732 632690332 641079778 669364255 678413464 679184533 685004737 715545793 719373370 753780769 754125997 755245921 772178239 799426369 
10058.73 755245921 
10058.74 
10058.76 
10058.81 431742286 433428997 438316594 451787545 462337123 465448933 470740063 477367021 502188610 523022371 531008479 531008986 759827095 
10058.82 349552126 352179049 451880014 475029829 482764387 513355831 524837002 531008479 531008986 555108295 558087388 560750659 566349187 572050129 572851111 614437864 641561896 654617302 655768933 676733812 678413464 758181022 759827095 762818161 
10058.83 354609061 441342253 452627683 520303291 531008479 543044893 543448972 545062987 560673127 587833975 635558119 648914410 655386070 673867000 759771052 
10058.89 515960602 
10060.2 
10060.4 766900018 
10060.81 339216814 437750353 458754037 462953284 470188018 484116673 547164151 547734487 562043860 574380691 615886558 633904753 654617302 662642098 694166851 697714525 719569462 719615911 748384612 752738962 764357452 771128086 806509003 
10060.89 
10061.06 
10061.09 654617302 
10061.25 
10061.42 633898162 
10061.49 540033235 588296710 598804831 619562737 
10061.8 591861505 793658893 
10061.9 757718170 
10062.3 438316594 541689253 545062987 568989877 599443066 633910759 679184533 715819573 723863947 742251394 762818161 
10062.5 
10062.89 547164151 762456592 
10062.9 470740063 562043860 685004737 
10064. 
10064.05 640411357 748384612 757718170 761216977 
10064.06 
10064.1 493359712 495262327 531008986 558087388 590279119 715545793 748754800 774931990 
10064.2 
10064.3 349552126 352118326 352179049 438428212 446117803 446643913 456722410 463034794 477367021 489749677 530977591 534729703 534882388 542117707 558339133 577965805 655768933 676733812 678413464 
10064.41 562043860 641561896 
10064.42 
10065.3 
10065.49 560393068 567786415 655768933 678413464 742251394 
10065.5 448985161 492922093 627408718 739996843 
10065.8 
10066.7 439310509 441521887 449211907 457969942 560393068 572487163 577032223 609778846 620759998 628970239 643787860 678413464 743318551 783009709 784865212 
10067. 537732274 728449255 728503348 745114111 767986558 799426369 
10067.09 352179049 451880014 459375346 499505332 511695640 558087388 560810524 580996729 615886558 630520606 665654341 676054861 719014648 738388795 
10067.59 433903666 654617302 679711345 709019533 
10067.9 436445179 440522902 496212094 497162446 507508795 524837002 532527880 622137478 725127898 
10068.89 497662270 509667445 524501368 555108295 598804831 
10070. 359120581 462953284 500970835 530520784 555108295 588296710 598804831 599443066 606410884 610844482 614863627 621412078 759827095 767812774 
10070.5 484116673 694166851 748384612 764357452 806509003 
10070.7 342242473 359266051 470740063 483717508 521761891 566168890 724663408 733827784 737734024 785961814 
10070.9 462953284 500970835 588296710 
10071.4 
10071.6 
10071.7 433428997 448596175 516512686 558087388 662642098 797095651 
10071.81 354734797 633910759 640457767 641614546 646874281 748384612 
10071.89 349552126 466098946 558087388 
10071.9 759567238 
10072. 517763143 
10072.11 543448972 
10072.19 589876834 
10072.5 352179049 
10072.6 
10072.69 
10072.7 
10072.81 
10072.82 
10072.83 347586370 354609061 503842561 522300208 537722485 554677111 558087388 594765484 641079778 654617302 685004737 
10072.84 339976183 359120581 462953284 521086372 524837002 562043860 567786415 759827095 767986558 
10072.85 339524680 359120581 449218303 530520784 540033235 555108295 588296710 639024907 719373370 
10077.6 
10078. 698716942 
10078.1 
10078.2 
10080.2 347586370 455537707 554868367 567786415 
10081.2 
10082.5 589876834 698716942 713974015 
10082.79 
10082.9 606195019 610449022 
10087.39 
10087.41 433428997 450864961 588296710 606410884 
10087.45 743085097 
10087.49 493359712 554677111 
10090.9 570942997 
10091. 
10091.02 680256955 728143651 
10091.03 646522501 675379732 728027158 
110.0 534786058 
110.5 438428212 455537707 498455998 539050708 641614546 764357452 
110.9 
111.9 
112.0 432549235 438402628 438428212 459378466 461398393 467528140 477367021 483976819 487705102 521086372 522440725 524510923 555103459 566974825 577965805 584207092 586415623 590279119 591876637 591914584 605332027 610844482 612117793 628776331 633910759 638073892 640411357 646874281 685004737 695437471 700326589 709268899 719569462 722337604 737643505 745116412 764357452 769027468 775065175 792265852 796359916 807570037 
112.2 342883555 433428997 441342253 441521887 465448933 485242642 497536807 513355831 522300208 534541489 537266848 539050708 555103459 562043860 573879424 577138342 579427057 581569756 586415623 587313442 633898162 638073892 642845269 643584085 647097283 648912226 649496602 667419208 675379732 678685684 679711345 695394298 725127898 733052386 744054910 775065175 779236264 781712491 804569650 
112.3 356359966 438316594 438402628 440522902 451880014 462337123 470740063 477845239 487705102 526902949 537266848 559465999 590279119 612700804 622874734 633910759 654617302 697714525 726068071 742251394 751148230 
112.4 485940118 530520784 
112.5 470740063 
112.84 467528140 558495367 
112.89 557524306 562283398 685004737 
112.9 470740063 530520784 
117.9 466758046 470740063 568989877 679534870 759827095 
133.0 391728910 457253239 489261904 502190287 534729703 537722485 542117707 564066556 579427057 586364689 609979072 646874281 652977625 714649456 
134.9 
136.3 348126208 
136.9 483976819 487104190 521086372 678685684 787578520 
170.6 692711761 
171.6 
173.50 
194.0 606410884 705774889 784711162 
198.5 606410884 
205.00 514674265 600489202 657055426 
205.90 514674265 657055426 
20819.9 472300531 740008465 
20858.9 507508795 
20880.9 
20884.4 
20884.5 
20885.9 
20888.9 
20906.4 654070522 
20912. 493320829 
20933.1 514674265 657055426 
20937.9 
20980.0 
20980.4 520303291 
20980.5 433428997 606410884 
20980.9 440983492 489759700 689084995 
210.7 
214.8 437750353 452608885 517404109 529771009 570942997 671105098 771664141 
214.9 437750353 508475527 529771009 771664141 
215.9 611266111 794872339 
216.3 724663408 739210798 
216.5 
216.9 457035619 504796423 619412119 708174208 752967775 787659913 
225.0 508475527 529771009 
228.00 438280285 446880409 450864961 462346678 495262327 506577514 506958817 523022371 534577681 561450046 572851111 585472603 602662126 606195019 611278825 626041534 658239349 659578414 662104015 695220085 698867950 703987090 709268899 715545793 729146068 739920793 748473532 752248069 758322358 767872405 782973205 797095651 800748079 
228.01 438280285 446880409 495262327 506577514 507508795 523022371 534577681 555688966 560446693 562043860 587313442 626041534 626343082 632690332 644535880 666055105 729146068 766132810 767872405 781510081 787659913 
228.04 438280285 511614754 534577681 602662126 629439331 797095651 
228.09 506577514 534577681 572851111 606195019 644535880 662104015 666055105 752248069 763903453 797095651 
228.1 474438355 602662126 745114111 
229.9 339976183 474438355 
238.0 445952716 457253239 493659856 512931862 560810524 585883624 624226981 646302931 655197232 692711761 710093827 717581476 748227286 787986811 
238.1 759649528 
238.2 450864961 
238.4 492922093 
238.71 459378466 512988958 533138737 649496602 729146068 
238.75 514674265 543448972 
238.79 543448972 605332027 
238.8 445952716 450864961 474438355 506958817 709268899 
238.9 339976183 442173928 450864961 506958817 511695640 528549451 585883624 622874734 709268899 748473532 787986811 
239.1 433428997 631814626 
243. 453137062 653259127 703628680 723051616 762894601 
244.0 442173928 
244.8 528549451 638385268 640457767 
244.9 347586370 352179049 359120581 442173928 453137062 462337123 465714367 512386759 528549451 530520784 554677111 557524306 564066556 570069904 574558726 602662126 606975799 610449061 638385268 640457767 653259127 667044535 669364255 694539613 723051616 731516176 738308377 750861229 754125997 762894601 781712491 791366824 
246.9 462337123 514674265 
250.00 
251.1 523022371 547603759 567786415 625117975 698271523 
251.2 449104033 475131151 523022371 530520784 557524306 564066556 564713449 567786415 570942997 625117975 632690332 638385268 639141244 644611228 725640202 754125997 766900018 791366824 793954045 
252.00 339048880 354609061 462337123 558087388 
252.1 521086372 601013128 
253.2 530520784 564066556 638385268 674382346 689747683 731516176 754125997 781712491 791366824 
253.3 530520784 564066556 638385268 651725452 654617302 731516176 750861229 754125997 781712491 
253.4 530520784 638385268 738308377 791366824 
253.5 530520784 640457767 715881661 731516176 754125997 781712491 
253.6 529110661 554677111 605565949 738308377 
253.8 509667445 
253.9 530952397 588296710 638385268 640457767 
255.0 349552126 
255.41 348126208 349552126 359142187 446117803 448596175 486198688 530520784 530952397 573735475 610844482 621412078 622202452 638385268 640457767 674382346 697714525 702997426 731516176 768993850 780880426 781712491 791366824 792265852 
255.5 
255.8 
255.9 536313415 573735475 660517066 705774889 784711162 
257.2 606146191 
259.1 462953284 598804831 752967775 
259.9 
260. 735442345 
263.9 354609061 458754037 541741591 547164151 678413464 729146068 
266.2 462337123 538193761 
268.0 339048880 458754037 572050129 602662126 665654341 701426662 713974015 787578520 
268.9 339524680 349552126 437750353 462337123 485242642 492290293 500970835 503312473 522265537 522300208 538193761 553923709 554677111 557737675 558087388 558495367 566974825 567786415 571680214 572050129 625278928 639024907 641079778 665654341 738754459 759827095 792265852 
269.3 514674265 734037721 
269.8 514674265 
269.9 462953284 477367021 546400843 550486288 557524306 662642098 713771566 772863157 
270.2 359120581 489749677 544269532 707648449 
270.3 464967244 553292650 
270.4 
270.6 463034794 464967244 466758046 531008479 531008986 577965805 780735073 792265852 
270.7 439310509 504386845 780925471 
271.0 766900018 
271.3 348126208 438316594 478564204 497002195 606410884 622507198 695394298 747366049 799426369 
272.1 473287192 
272.4 
273.8 438316594 520303291 538193761 545062987 554677111 598804831 631814626 632690332 729146068 784711162 792265852 
275.03 779412973 
275.09 
275.2 347586370 354609061 441342253 470740063 522300208 567786415 599070850 651815347 685004737 
275.3 349552126 354609061 359299825 436553989 441342253 442173928 462337123 466716940 470740063 493359712 503842561 514674265 522300208 554677111 558087388 567786415 641079778 662642098 685004737 738754459 792265852 
275.40 521086372 621412078 705350101 714649456 
275.41 354609061 442173928 452861761 477845239 493359712 501852469 503842561 521086372 558087388 567786415 641079778 662642098 
275.42 441342253 503842561 522184066 554677111 567786415 766900018 
275.49 352118326 440265541 475029829 502190287 554868367 558495367 600834898 655385797 675379732 678413464 714649456 737261149 
276.0 322067851 347586370 348126208 349552126 354609061 437750353 438316594 438436402 441342253 446643913 448365412 462337123 462953284 503842561 512988958 522300208 524837002 530520784 538380766 554677111 558087388 572050129 594765484 599389792 621412078 638385268 641079778 654617302 655768933 672137194 697714525 701426662 715881661 727414039 731516176 753648247 753780769 775117864 779628994 781712491 
276.1 339524680 349552126 352118326 354609061 438316594 440057164 445691845 450531043 459375346 464284315 472121911 489749677 491288656 493359712 503842561 516605272 517640137 522184066 522300208 530520784 533173837 535319032 546400843 554677111 558087388 560750659 572487163 588296710 594765484 599070850 611280970 638385268 640457767 641079778 643584085 654617302 676054861 678413464 680160196 685004737 698271523 714165310 747246670 754382695 783327910 793954045 
276.2 339524680 347586370 349552126 354734797 438316594 446384680 458186548 461398393 470740063 489999316 503842561 505784761 517147099 522300208 527890780 535769365 562232230 575344771 586364689 594322639 594765484 599443066 602600779 603319510 604901545 616355845 621886903 629439331 641079778 641561896 643925959 654617302 662399089 662642098 678413464 701426662 714165310 722320444 754628161 757882087 809250586 
276.3 352118326 352179049 356359966 438316594 440265541 441342253 501852469 531840115 553191640 594322639 655768933 678413464 725245210 
276.4 438316594 641561896 
276.50 594765484 
276.51 338566294 338566372 339524680 347586370 349552126 354609061 354734797 359142187 432026284 432207790 434137432 437750353 438316594 443177164 450796555 457947556 462337123 463034794 468380758 470740063 471437734 471708043 479860993 487705102 489749677 489999316 492290293 493359712 495262327 496563718 499505332 501852469 502188610 514674265 516219250 517580272 518124790 518343697 522184066 522300208 547164151 554677111 555103459 555108295 555882913 557042695 558087388 561960673 562232230 566349187 567786415 567860983 570942997 574380691 575817100 576882502 577012645 577965805 579427057 584906401 602600779 606410884 615886558 622507198 626343082 639024907 642845269 652977625 654617302 662399089 664421434 669272020 678413464 685004737 689119705 694757584 699793303 715819573 725127898 725245210 728621362 734037721 747366049 751746490 759827095 769027468 771664141 771908203 777863191 779236264 785961814 789748675 801271615 801318298 
276.52 451880014 502188610 572050129 707968210 780880426 
276.6 349552126 
276.69 349552126 354609061 441342253 466758046 470740063 493359712 520303291 528549451 531008479 534882388 554677111 560673127 638385268 641561896 671105098 675169756 685004737 713044021 714443770 778157563 792265852 
276.7 349552126 354609061 450924709 464284315 466758046 477199945 478937044 479860993 482764387 487578040 489749677 493359712 498659851 503842561 513329701 517640137 522300208 530520784 531008479 531008986 531434047 553191640 554677111 558087388 572152465 581680477 594765484 599070850 606410884 612566566 620503924 622841857 641079778 654617302 676054861 685004737 714165310 757882087 775117864 783009709 794314795 
276.8 349552126 438316594 457901068 462337123 463034794 466716940 472121911 520303291 531008479 558087388 560750659 572050129 606410884 638385268 641079778 654617302 678413464 685004737 687238618 698867950 705774889 783327910 
276.9 352179049 355118206 438316594 522300208 528549451 558087388 560750659 572487163 598804831 599443066 638385268 678413464 697714525 732015571 785061031 
277.00 451787545 503312473 547164151 625278928 628956160 733827784 737734024 780296284 806897833 
277.01 451787545 625278928 628956160 780296284 806897833 
277.02 451787545 503312473 547164151 628956160 733827784 806897833 
277.03 451787545 547164151 733827784 806897833 
277.09 451787545 
277.4 436445179 446643913 448596175 459255577 466716940 472366480 528301645 528469930 528549451 533288770 555812713 560673127 602600779 602662126 622874734 636836929 643584085 695488717 697714525 736601854 759771052 791366824 
277.81 680406520 
277.85 577965805 669272020 715966837 
277.87 459378466 
277.89 444298843 599443066 828616543 
277.9 463034794 531008479 531008986 599443066 
278.00 438316594 
278.02 
279.00 483019564 487705102 517763143 531008479 546400843 638385268 723863947 772863157 792265852 
279.03 766900018 
279.04 517763143 792265852 
279.10 
279.11 521086372 524510923 560750659 630729607 651618085 723863947 
279.2 546400843 784865212 
279.3 433428997 487705102 506958817 514674265 521086372 524510923 531008479 546400843 560750659 588296710 606410884 630729607 657055426 713044021 772863157 792265852 
279.49 772863157 792265852 
279.50 470740063 531008479 
279.51 466758046 470740063 531008479 632690332 
279.9 450864961 470740063 477367021 531008479 531008986 546400843 709268899 729146068 
280.0 465659026 572050129 588296710 737345155 
280.1 541741591 544017202 
280.9 359120581 433428997 437750353 462337123 470740063 482954122 497002195 497102971 502188610 513355831 531008479 544017202 550486288 577965805 620721154 625117975 664421434 668707534 687605257 759827095 
281.9 354609061 641079778 
282.0 507853672 589572478 622157173 783855463 
282.2 450172984 618691984 766900018 
282.49 
282.5 497002195 533138737 725127898 753780769 759771052 
282.7 654070522 662642098 
282.9 783855463 
283.0 
283.10 589572478 622157173 
283.9 456929110 472366480 534398359 575395393 622157173 625017238 669376033 
284.09 
284.1 433428997 
284.19 514674265 537266848 657055426 772863157 
285.1 480996829 
285.21 349552126 354609061 493359712 499995952 503842561 522300208 554677111 558087388 594765484 599070850 641079778 654617302 685004737 759827095 769478347 775117864 
285.22 
285.29 347586370 470740063 610844482 625278928 651815347 713044021 715545793 744049060 759827095 
285.8 743458561 783855463 792265852 
285.9 349552126 433368976 433428997 442173928 442174435 446384680 451880014 454091431 466758046 470740063 471708043 475131151 477367021 477845239 480996829 483717508 493266229 495262327 500970835 502188610 503842561 506958817 507853672 513355831 520303291 522265537 522300208 530520784 531008479 531008986 538380766 541741591 543448972 555103459 555108295 557524306 558258364 567009145 567786415 568989877 575344771 581680477 588296710 594765484 598804831 599070850 605565949 610844482 622157173 628811821 632690332 636836929 638967772 640971631 641079778 641561896 649496602 662399089 669376033 673486828 673867000 675635065 687605257 708114928 723224308 725145097 729146068 731516176 742684216 743458561 745114111 754125997 759827095 772863157 792265852 793954045 797024710 800801548 
286.0 
286.2 768993850 
286.3 502188610 709268899 768993850 
286.6 621412078 645623902 748473532 768993850 
286.7 
286.9 359194135 441342253 442173928 445952716 450864961 473287192 477367021 487104190 506320621 506958817 528549451 549086461 560152828 562043860 565517863 575344771 594322639 617405998 622314694 622874734 654617302 706503994 728019943 737345155 745114111 771612271 777865297 779412973 795269983 
288.00 347586370 359120581 433428997 441342253 459378466 470740063 531008479 531008986 600834898 636836929 640971631 697817719 726502258 731516176 771612271 772863157 784848481 792265852 797799211 
288.01 
288.03 
288.04 347586370 487705102 
288.09 441342253 482954122 531008986 575817100 606195019 636836929 657055426 669376033 
288.3 546400843 665654341 678331759 685004737 
288.50 359120581 441342253 575817100 606195019 771612271 
288.51 419899936 682342519 730120093 
288.60 354734797 441342253 449211907 470740063 498884335 520303291 531008479 537266848 555103459 568989877 600489202 663973597 726068071 729146068 737261149 784711162 
288.8 605332027 
289.3 436445179 452627683 477835255 530926384 
289.4 
289.59 
289.81 452627683 528236515 635558119 793041601 
